PDE 2014 10 26  4 47  0.00 24.780 122.240 96.0 4.5 4.5 201410260447
event name: 201410260447
time shift: 0.0
half duration: 0.0
latitude: 24.780
longitude: 122.240
depth:  96.00
Mrr:  4.261000e+22
Mtt: -2.590000e+22
Mpp: -1.971000e+22
Mrt: -7.230000e+21
Mrp: -4.464000e+22
Mtp: -3.668000e+22
